000000 0.4983 0.2499 0.2518
000010 0.5010 0.1830 0.3160
000020 0.4197 0.2241 0.3562
000030 0.3520 0.2758 0.3722
000040 0.2974 0.3407 0.3619
000050 0.2770 0.4026 0.3204
000060 0.2762 0.4536 0.2702
000070 0.2857 0.4859 0.2284
000080 0.3076 0.4996 0.1928
000090 0.3444 0.4905 0.1651
000100 0.3809 0.4672 0.1519
000110 0.4276 0.4212 0.1512
000120 0.4616 0.3857 0.1527
000130 0.4883 0.3494 0.1623
000140 0.5100 0.3164 0.1736
000150 0.5255 0.2873 0.1872
000160 0.5257 0.2693 0.2050
000170 0.5208 0.2594 0.2198
000180 0.5019 0.2575 0.2406
000190 0.4809 0.2602 0.2589
000200 0.4561 0.2783 0.2656
000210 0.4340 0.3056 0.2604
000220 0.4152 0.3241 0.2607
000230 0.3937 0.3544 0.2519
000240 0.3834 0.3698 0.2468
000250 0.3765 0.3881 0.2354
000260 0.3848 0.3869 0.2283
000270 0.3876 0.3949 0.2175
000280 0.3914 0.3993 0.2092
000290 0.4039 0.3915 0.2046
000300 0.4190 0.3854 0.1957
000310 0.4230 0.3795 0.1975
000320 0.4288 0.3735 0.1976
000330 0.4408 0.3575 0.2017
000340 0.4435 0.3513 0.2052
000350 0.4460 0.3474 0.2067
000360 0.4563 0.3378 0.2059
000370 0.4545 0.3335 0.2120
000380 0.4502 0.3305 0.2193
000390 0.4486 0.3355 0.2160
000400 0.4472 0.3400 0.2129
000410 0.4516 0.3327 0.2157
000420 0.4501 0.3277 0.2222
000430 0.4568 0.3230 0.2202
000440 0.4513 0.3184 0.2303
000450 0.4496 0.3174 0.2330
000460 0.4478 0.3145 0.2377
000470 0.4315 0.3276 0.2409
000480 0.4348 0.3359 0.2294
000490 0.4279 0.3399 0.2322
000500 0.4224 0.3465 0.2311
000510 0.4190 0.3578 0.2232
000520 0.4233 0.3622 0.2145
000530 0.4351 0.3631 0.2018
000540 0.4442 0.3649 0.1908
000550 0.4509 0.3521 0.1970
000560 0.4605 0.3338 0.2056
000570 0.4659 0.3247 0.2093
000580 0.4748 0.3144 0.2108
000590 0.4963 0.2960 0.2077
000600 0.4977 0.2870 0.2153
000610 0.4880 0.2928 0.2192
000620 0.4740 0.2973 0.2287
000630 0.4517 0.2998 0.2485
000640 0.4319 0.3107 0.2575
000650 0.4177 0.3165 0.2657
000660 0.3992 0.3351 0.2658
000670 0.3916 0.3537 0.2548
000680 0.3835 0.3688 0.2477
000690 0.3886 0.3881 0.2233
000700 0.3912 0.3979 0.2109
000710 0.3987 0.4017 0.1996
000720 0.4135 0.3977 0.1888
000730 0.4298 0.3889 0.1813
000740 0.4542 0.3712 0.1745
000750 0.4712 0.3543 0.1745
000760 0.4822 0.3366 0.1812
000770 0.5018 0.3095 0.1887
000780 0.5093 0.2931 0.1975
000790 0.5053 0.2851 0.2096
000800 0.4944 0.2779 0.2277
000810 0.4785 0.2861 0.2355
000820 0.4552 0.2964 0.2485
000830 0.4318 0.3206 0.2477
000840 0.4236 0.3270 0.2495
000850 0.4109 0.3422 0.2468
000860 0.4086 0.3554 0.2359
000870 0.4097 0.3691 0.2212
000880 0.4150 0.3694 0.2156
000890 0.4182 0.3669 0.2149
000900 0.4137 0.3757 0.2106
000910 0.4163 0.3781 0.2056
000920 0.4163 0.3781 0.2056
000930 0.4163 0.3781 0.2056
000940 0.4163 0.3781 0.2056
000950 0.4163 0.3781 0.2056
000960 0.4163 0.3781 0.2056
000970 0.4163 0.3781 0.2056
000980 0.4163 0.3781 0.2056
000990 0.4163 0.3781 0.2056
001000 0.4163 0.3781 0.2056
